//
// File: pred_z_pid_angle_data.cpp
//
// Code generated for Simulink model 'pred_z_pid_angle'.
//
// Model version                  : 1.363
// Simulink Coder version         : 8.10 (R2016a) 10-Feb-2016
// C/C++ source code generated on : Thu May 31 17:50:13 2018
//
// Target selection: ert.tlc
// Embedded hardware selection: Intel->x86-64 (Linux 64)
// Code generation objectives:
//    1. Execution efficiency
//    2. RAM efficiency
// Validation result: Not run
//
#include "pred_z_pid_angle.h"

// Constant parameters (auto storage)
const ConstP rtConstP = {
  // Expression: Ac
  //  Referenced by: '<S4>/empuxo '

  { 1.0, -1.0, -1.0, 1.0, 0.0, 0.0, 0.0, 0.0, 0.0, 0.0, 0.0, 0.0, 0.0, 0.0, 0.0,
    0.0, 0.0, 0.0, 0.0, 0.0, 0.0, 0.0, 0.0, 0.0, 0.0, 0.0, 0.0, 0.0, 0.0, 0.0,
    0.0, 0.0, 0.0, 0.0, 0.0, 0.0, 0.0, 0.0, 0.0, 0.0, 1.0, -1.0, 1.0, -1.0, -1.0,
    1.0, 0.0, 0.0, 0.0, 0.0, 0.0, 0.0, 0.0, 0.0, 0.0, 0.0, 0.0, 0.0, 0.0, 0.0,
    0.0, 0.0, 0.0, 0.0, 0.0, 0.0, 0.0, 0.0, 0.0, 0.0, 0.0, 0.0, 0.0, 0.0, 0.0,
    0.0, 0.0, 0.0, 0.0, 0.0, 0.0, 0.0, 1.0, -1.0, 1.0, -1.0, -1.0, 1.0, 0.0, 0.0,
    0.0, 0.0, 0.0, 0.0, 0.0, 0.0, 0.0, 0.0, 0.0, 0.0, 0.0, 0.0, 0.0, 0.0, 0.0,
    0.0, 0.0, 0.0, 0.0, 0.0, 0.0, 0.0, 0.0, 0.0, 0.0, 0.0, 0.0, 0.0, 0.0, 0.0,
    0.0, 0.0, 0.0, 0.0, 1.0, -1.0, 1.0, -1.0, -1.0, 1.0, 0.0, 0.0, 0.0, 0.0, 0.0,
    0.0, 0.0, 0.0, 0.0, 0.0, 0.0, 0.0, 0.0, 0.0, 0.0, 0.0, 0.0, 0.0, 0.0, 0.0,
    0.0, 0.0, 0.0, 0.0, 0.0, 0.0, 0.0, 0.0, 0.0, 0.0, 0.0, 0.0, 0.0, 0.0, 0.0,
    0.0, 1.0, -1.0, 1.0, -1.0, -1.0, 1.0, 0.0, 0.0, 0.0, 0.0, 0.0, 0.0, 0.0, 0.0,
    0.0, 0.0, 0.0, 0.0, 0.0, 0.0, 0.0, 0.0, 0.0, 0.0, 0.0, 0.0, 0.0, 0.0, 0.0,
    0.0, 0.0, 0.0, 0.0, 0.0, 0.0, 0.0, 0.0, 0.0, 0.0, 0.0, 0.0, 0.0, 1.0, -1.0,
    1.0, -1.0, -1.0, 1.0, 0.0, 0.0, 0.0, 0.0, 0.0, 0.0, 0.0, 0.0, 0.0, 0.0, 0.0,
    0.0, 0.0, 0.0, 0.0, 0.0, 0.0, 0.0, 0.0, 0.0, 0.0, 0.0, 0.0, 0.0, 0.0, 0.0,
    0.0, 0.0, 0.0, 0.0, 0.0, 0.0, 0.0, 0.0, 0.0, 0.0, 1.0, -1.0, 1.0, -1.0, -1.0,
    1.0, 0.0, 0.0, 0.0, 0.0, 0.0, 0.0, 0.0, 0.0, 0.0, 0.0, 0.0, 0.0, 0.0, 0.0,
    0.0, 0.0, 0.0, 0.0, 0.0, 0.0, 0.0, 0.0, 0.0, 0.0, 0.0, 0.0, 0.0, 0.0, 0.0,
    0.0, 0.0, 0.0, 0.0, 0.0, 0.0, 0.0, 1.0, -1.0, 1.0, -1.0, -1.0, 1.0, 0.0, 0.0,
    0.0, 0.0, 0.0, 0.0, 0.0, 0.0, 0.0, 0.0, 0.0, 0.0, 0.0, 0.0, 0.0, 0.0, 0.0,
    0.0, 0.0, 0.0, 0.0, 0.0, 0.0, 0.0, 0.0, 0.0, 0.0, 0.0, 0.0, 0.0, 0.0, 0.0,
    0.0, 0.0, 0.0, 0.0, 1.0, -1.0, 1.0, -1.0, -1.0, 1.0, 0.0, 0.0, 0.0, 0.0, 0.0,
    0.0, 0.0, 0.0, 0.0, 0.0, 0.0, 0.0, 0.0, 0.0, 0.0, 0.0, 0.0, 0.0, 0.0, 0.0,
    0.0, 0.0, 0.0, 0.0, 0.0, 0.0, 0.0, 0.0, 0.0, 0.0, 0.0, 0.0, 0.0, 0.0, 0.0,
    0.0, 1.0, -1.0, 1.0, -1.0 },

  // Expression: Phi_F
  //  Referenced by: '<S4>/empuxo '

  { 0.043659093930131579, 0.0366352111165634, 0.030274398445707416,
    0.024574864455301677, 0.019531814404680058, 0.015136448430623232,
    0.011374959689848339, 0.0082275324847951511, 0.0056673403693664175,
    0.00365954423128002, 0.65383441386271746, 0.54282497037800581,
    0.4435343396108723, 0.35578357971985014, 0.27929323891495039,
    0.21368317171004172, 0.15847235483931055, 0.1130787028371886,
    0.076818883281132261, 0.048908131696637061, 0.055669332884303237,
    0.0452519093612398, 0.036218000603216477, 0.028469953072326561,
    0.021909934704999919, 0.016439934585630631, 0.011961762619608015,
    0.0083770492057498938, 0.0055872449081370039, 0.0034936201273474909 },

  // Expression: Phi_Phi
  //  Referenced by: '<S4>/empuxo '

  { 0.00037188612222567488, 0.00031264012530539804, 0.00025886292810201251,
    0.0002105545101396808, 0.00016769483262359675, 0.00013023382009159966,
    9.8081341965584415E-5, 7.1097193969286082E-5, 4.90810793790163E-5,
    3.1762590073928337E-5, 0.00031264012530539804, 0.00026336340936679954,
    0.00021853007170435706, 0.00017814823549590635, 0.00014221602048816406,
    0.00011071152470891936, 8.3582806112432462E-5, 6.07378641246178E-5,
    4.2034621054590118E-5, 2.7270903339151113E-5, 0.00025886292810201251,
    0.00021853007170435706, 0.00018175190191850894, 0.00014853491725746963,
    0.0001188856281145203, 9.280053850340519E-5, 7.0256127765133108E-5,
    5.1198832207975878E-5, 3.5535026647241594E-5, 2.3121005811401068E-5,
    0.0002105545101396808, 0.00017814823549590635, 0.00014853491725746963,
    0.00012171966137757962, 9.7707583143911934E-5, 7.6503807195673552E-5,
    5.8103449259163233E-5, 4.2481597849941735E-5, 2.9583295908190256E-5,
    1.9313522333835469E-5, 0.00016769483262359675, 0.00014221602048816406,
    0.0001188856281145203, 9.7707583143911934E-5, 7.8685820397916711E-5,
    6.182428189157048E-5, 4.7126916846517939E-5, 3.4587663422651761E-5,
    2.4180430416354375E-5, 1.5849078891920835E-5, 0.00013023382009159966,
    0.00011071152470891936, 9.280053850340519E-5, 7.6503807195673552E-5,
    6.182428189157048E-5, 4.8764919092016689E-5, 3.7328680702870582E-5,
    2.7518534044809324E-5, 1.93274335816923E-5, 1.2728302615521242E-5,
    9.8081341965584415E-5, 8.3582806112432462E-5, 7.0256127765133108E-5,
    5.8103449259163233E-5, 4.7126916846517939E-5, 3.7328680702870582E-5,
    2.8710894934745842E-5, 2.1275717586705919E-5, 1.5025310648549871E-5,
    9.9518217809904652E-6, 7.1097193969286082E-5, 6.07378641246178E-5,
    5.1198832207975878E-5, 4.2481597849941735E-5, 3.4587663422651761E-5,
    2.7518534044809324E-5, 2.1275717586705919E-5, 1.5860724675251492E-5,
    1.1275068699013959E-5, 7.5202658132679362E-6, 4.90810793790163E-5,
    4.2034621054590118E-5, 3.5535026647241594E-5, 2.9583295908190256E-5,
    2.4180430416354375E-5, 1.93274335816923E-5, 1.5025310648549871E-5,
    1.1275068699013959E-5, 8.0777166562721449E-6, 5.4342652879785337E-6,
    3.1762590073928337E-5, 2.7270903339151113E-5, 2.3121005811401068E-5,
    1.9313522333835469E-5, 1.5849078891920835E-5, 1.2728302615521242E-5,
    9.9518217809904652E-6, 7.5202658132679362E-6, 5.4342652879785337E-6,
    3.6944519335362112E-6 },

  // Expression: Phi_R
  //  Referenced by: '<S4>/empuxo '

  { 0.055669332884303244, 0.045251909361239795, 0.036218000603216477,
    0.028469953072326561, 0.021909934704999919, 0.016439934585630631,
    0.011961762619608015, 0.0083770492057498938, 0.0055872449081370039,
    0.0034936201273474904 },

  // Expression: b0
  //  Referenced by: '<S4>/empuxo '

  { -9.81, -19.62, -4.0, -8.0, -9.81, -19.62, -4.0, -8.0, -9.81, -19.62, -4.0,
    -8.0, -9.81, -19.62, -4.0, -8.0, -9.81, -19.62, -4.0, -8.0, -9.81, -19.62,
    -4.0, -8.0, -9.81, -19.62, -4.0, -8.0, -9.81, -19.62, -4.0, -8.0, -9.81,
    -19.62, -4.0, -8.0, -9.81, -19.62 }
};

//
// File trailer for generated code.
//
// [EOF]
//
